AU1,AU2,AU4,AU5,AU6,AU7,AU9,AU10,AU11,AU12,AU13,AU14,AU15,AU16,AU17,AU18,AU19,AU20,AU22,AU23,AU24,AU25,AU26,AU27,AU32,AU38,AU39,AUL1,AUR1,AUL2,AUR2,AUL4,AUR4,AUL6,AUR6,AUL10,AUR10,AUL12,AUR12,AUL14,AUR14
0.2978303730487823,0.1218304485082626,0.2631027400493622,0.0972594320774078,0.3423721194267273,0.6319234371185303,0.1086941957473754,0.2623037099838257,0.0112592773512005,0.1639390289783477,0.0390669256448745,0.2340216934680938,0.2271421253681183,0.0638146698474884,0.5019999742507935,0.1129819229245185,0.0360845252871513,0.1063312143087387,0.0134465964511036,0.2557010650634765,0.166902095079422,0.2410305142402649,0.1902386099100113,0.0418706312775611,0.0118282213807106,0.1343616694211959,0.0166232716292142,0.1656211614608764,0.3937818109989166,0.2480612993240356,0.2477982938289642,0.0472077205777168,0.0584858208894729,0.2273433655500412,0.0417299754917621,0.1082215160131454,0.0703004524111747,0.0659679248929023,0.0413368120789527,0.4369763135910034,0.1100909113883972
0.2901483178138733,0.1154032796621322,0.2572436332702636,0.0995546728372573,0.3387273550033569,0.6146002411842346,0.1183403432369232,0.2494146227836609,0.0118757542222738,0.1664092987775802,0.0425706766545772,0.2295343875885009,0.2035335004329681,0.0622245445847511,0.5208239555358887,0.1163011044263839,0.0398917645215988,0.1020133048295974,0.0138594601303339,0.246457040309906,0.1733339428901672,0.231504201889038,0.1809460520744323,0.0418702736496925,0.012160406447947,0.1328952610492706,0.0169691517949104,0.1611177325248718,0.3878138661384582,0.2444727271795272,0.2428543269634246,0.0532401651144027,0.0618788003921508,0.210620105266571,0.0431999191641807,0.1413709968328476,0.0616978555917739,0.0698716416954994,0.0402091369032859,0.4277684092521667,0.1100275665521621
0.2913807034492492,0.1156947314739227,0.2579948604106903,0.0986466854810714,0.3394767940044403,0.6149224638938904,0.1192535161972045,0.2492389976978302,0.0119033586233854,0.1657164394855499,0.0423788353800773,0.2299049794673919,0.2046536803245544,0.0624903589487075,0.5225802063941956,0.1169697567820549,0.0403088852763175,0.102537490427494,0.0140188168734312,0.248448833823204,0.1743151247501373,0.2342903316020965,0.1837750822305679,0.0418553799390792,0.0119981095194816,0.1328558623790741,0.0167514998465776,0.1609695553779602,0.3861248195171356,0.2436932474374771,0.2441885322332382,0.053653784096241,0.0626144707202911,0.2150124758481979,0.0435066074132919,0.1421534121036529,0.0620200522243976,0.070963054895401,0.0410770401358604,0.4253974556922912,0.109315238893032
0.3094407021999359,0.1212863773107528,0.2571792602539062,0.0986735299229621,0.3299031555652618,0.623190701007843,0.1190745756030082,0.2588317394256592,0.0118894446641206,0.159117192029953,0.0440913289785385,0.2239787578582763,0.2174723297357559,0.0648968368768692,0.5150723457336426,0.1135456264019012,0.0388128757476806,0.1072490811347961,0.0141847468912601,0.218058168888092,0.1765363067388534,0.2325042188167572,0.1951137334108352,0.0436664409935474,0.0107842544093728,0.1374851167201995,0.0189592074602842,0.164836585521698,0.4001107811927795,0.242557555437088,0.2524254322052002,0.0523849911987781,0.0614977106451988,0.2420729249715805,0.0438810586929321,0.1408163905143737,0.0649501234292984,0.0714495629072189,0.042409848421812,0.4371567964553833,0.1125846356153488
0.2971959114074707,0.1145954653620719,0.2717514038085937,0.1001497060060501,0.3370893001556396,0.6182155609130859,0.1195197701454162,0.2601610124111175,0.0114772925153374,0.1595782339572906,0.0405069887638092,0.2319552600383758,0.2172335386276245,0.0641227215528488,0.5305444002151489,0.1137167662382125,0.0381393954157829,0.1031467318534851,0.0130497086793184,0.218699648976326,0.1857060492038726,0.2360218912363052,0.1820590943098068,0.0420305281877517,0.0121345743536949,0.1337189972400665,0.0163475014269351,0.15975883603096,0.3850179314613342,0.2427884042263031,0.2376372069120407,0.0476955212652683,0.0580897182226181,0.2134996354579925,0.042713239789009,0.137715071439743,0.061462715268135,0.0681000053882598,0.0395161136984825,0.4374905228614807,0.1122916266322135
0.2994789481163025,0.1130487918853759,0.2774612307548523,0.0939213037490844,0.3375000953674316,0.6159383058547974,0.1120114997029304,0.283486008644104,0.0210333373397588,0.1621606945991516,0.0351042002439498,0.2326379120349884,0.2357975542545318,0.0676564797759056,0.4863666296005249,0.1069545596837997,0.0292689334601163,0.1044121459126472,0.013548913411796,0.2185233235359192,0.1721193194389343,0.2562536299228668,0.189957857131958,0.0426594763994216,0.0162319280207157,0.1584235429763794,0.0157295521348714,0.1638666838407516,0.38191819190979,0.2477199882268905,0.2381740808486938,0.0407908037304878,0.0526878535747528,0.2090830206871032,0.0399877727031707,0.1016001999378204,0.0681650042533874,0.0755673795938491,0.0465300232172012,0.4258306622505188,0.101578488945961
0.296265035867691,0.1110914498567581,0.2777497470378876,0.0937946140766143,0.3418313264846802,0.6165210008621216,0.1119228601455688,0.2880163192749023,0.0207372549921274,0.1654274761676788,0.0339741334319114,0.2316319048404693,0.2337939888238906,0.078507475554943,0.4802873730659485,0.1073095947504043,0.0296733155846595,0.1036344617605209,0.0135058062151074,0.2160645425319671,0.1686349213123321,0.2566060721874237,0.1893552541732788,0.0422272384166717,0.0199111886322498,0.1582823395729065,0.0156253725290298,0.1632132679224014,0.3781658113002777,0.2470376789569854,0.2359689474105835,0.0403490848839283,0.0525963604450225,0.2072685062885284,0.0399989746510982,0.1000391319394111,0.069064974784851,0.0745310485363006,0.0464802086353302,0.422629177570343,0.1020911931991577
0.2847583889961242,0.107143297791481,0.2609482705593109,0.0876533463597297,0.3287684917449951,0.6179261803627014,0.1120959967374801,0.2819626331329345,0.0196609832346439,0.1521796286106109,0.0291503872722387,0.2227012515068054,0.2099417895078659,0.0747701525688171,0.5147145986557007,0.1078049167990684,0.0319499559700489,0.1220894679427146,0.0138256289064884,0.215550810098648,0.1602136790752411,0.2524860203266144,0.1856772303581237,0.042469210922718,0.0107979420572519,0.1563997566699981,0.0163183026015758,0.1690672636032104,0.3892315030097961,0.2469997704029083,0.2477879673242569,0.04831288382411,0.059548046439886,0.2486782819032669,0.0428078323602676,0.1174018010497093,0.0665429234504699,0.0795288905501365,0.0523042865097522,0.4144613146781921,0.1008698642253875
0.2833079993724823,0.1065531820058822,0.2613787353038788,0.087395504117012,0.3296560645103454,0.6175066828727722,0.1115326583385467,0.2809107303619385,0.0197543948888778,0.1526434272527694,0.0292952097952365,0.2231241315603256,0.2085159122943878,0.0743568539619445,0.5162215232849121,0.1080718785524368,0.0320710130035877,0.1215808689594268,0.0138072287663817,0.2162315845489502,0.160713329911232,0.2519770860671997,0.1853969693183899,0.0422820523381233,0.0107846595346927,0.1560965776443481,0.0161895360797643,0.169075608253479,0.3883868753910064,0.2468458116054535,0.2472656816244125,0.0484047271311283,0.0595764070749282,0.248523935675621,0.0430755615234375,0.116951122879982,0.0663898959755897,0.0796669870615005,0.0523240678012371,0.4137030839920044,0.1007222831249237
0.2751675248146057,0.1151012480258941,0.2802040874958038,0.085673376917839,0.3653930425643921,0.6225642561912537,0.1163640618324279,0.2803306877613067,0.0106898751109838,0.1460950970649719,0.0347958095371723,0.2349355518817901,0.2317339330911636,0.0855822935700416,0.5239068269729614,0.1070741340517997,0.0339531265199184,0.1042957603931427,0.0129248183220624,0.2222154438495636,0.1616335362195968,0.2505716979503631,0.1913992762565612,0.0414460822939872,0.0135280210524797,0.1572717875242233,0.0153613574802875,0.1611429899930954,0.395896852016449,0.2541707456111908,0.2536905407905578,0.0442509353160858,0.055190660059452,0.2134709656238556,0.0416324287652969,0.1217741295695304,0.0615811198949813,0.0613893344998359,0.0421180799603462,0.4222699701786041,0.1020519435405731
0.2752465009689331,0.1143426597118377,0.2819864749908447,0.0848633497953414,0.3655205965042114,0.6241461634635925,0.1156491562724113,0.2825831472873688,0.0104014594107866,0.1477484405040741,0.0288884565234184,0.2354936897754669,0.2355054914951324,0.077144481241703,0.5215926170349121,0.1049261689186096,0.0336293838918209,0.1237967535853385,0.0130403228104114,0.2212743163108825,0.1620110422372818,0.2529840469360351,0.1915353536605835,0.0412510819733142,0.013220427557826,0.1572312414646148,0.0145691400393843,0.160054475069046,0.3911064267158508,0.2528243362903595,0.2506749629974365,0.0429349355399608,0.053863413631916,0.2117189615964889,0.0413226708769798,0.1194662451744079,0.060914110392332,0.0604179166257381,0.0419885963201522,0.4226913750171661,0.1016565859317779
0.2792738676071167,0.1119808405637741,0.2860573828220367,0.0861689895391464,0.3691784739494324,0.6322734355926514,0.1204947158694267,0.3012233078479767,0.0211266502737998,0.1685355603694915,0.0348024293780326,0.2419306635856628,0.2437848448753357,0.0790741890668869,0.5333312153816223,0.1070783510804176,0.0313394591212272,0.1169586330652237,0.0129593610763549,0.2224476635456085,0.1684902310371399,0.2581066489219665,0.1929442882537841,0.042142242193222,0.0147981233894824,0.1567730754613876,0.0136682577431201,0.1617741286754608,0.3831450939178467,0.2518864870071411,0.2410744875669479,0.040274791419506,0.0530488975346088,0.2081508934497833,0.0406994223594665,0.1045390218496322,0.0710298717021942,0.0776071473956108,0.048420064151287,0.4258106350898742,0.1051964461803436
0.280412346124649,0.11137256026268,0.2860470116138458,0.0861977040767669,0.3657031953334808,0.6318804621696472,0.12269788980484,0.2997374534606933,0.0209530424326658,0.16697359085083,0.0350496284663677,0.240317702293396,0.2421288639307022,0.0797121077775955,0.5276682376861572,0.1074581071734428,0.0311133731156587,0.1046980023384094,0.0130777694284915,0.2216284573078155,0.1702624261379242,0.2566159069538116,0.191247820854187,0.0426672436296939,0.0132383303716778,0.1572732776403427,0.0139514748007059,0.1628874242305755,0.3844339847564697,0.252786248922348,0.2411365360021591,0.0403726436197757,0.05379269272089,0.209892064332962,0.0405387096107006,0.1049986034631729,0.0720417574048042,0.0775405243039131,0.0482852384448051,0.4320198893547058,0.1078306436538696
0.2899983525276184,0.1228427141904831,0.2811076939105987,0.0895911157131195,0.3605250716209411,0.6198439002037048,0.1276448667049408,0.2727176249027252,0.0102306250482797,0.1448513716459274,0.0280716978013515,0.2321335971355438,0.2445740848779678,0.0776135027408599,0.5212675333023071,0.1001936867833137,0.0288140028715133,0.1040989458560943,0.0122634638100862,0.2373021692037582,0.1721924543380737,0.2406900972127914,0.191162496805191,0.0419565886259079,0.0118888318538665,0.1604417860507965,0.0137518374249339,0.1616301834583282,0.3957480788230896,0.2503311932086944,0.2478331327438354,0.043592482805252,0.0517513230443,0.2091424167156219,0.0419802069664001,0.1235435009002685,0.0632747262716293,0.0622326433658599,0.040777176618576,0.4256772994995117,0.0984491407871246
0.2873775064945221,0.1206910014152526,0.2825033068656921,0.0894273817539215,0.3555605411529541,0.6188845634460449,0.1260145604610443,0.2720598876476288,0.0103423791006207,0.1429180800914764,0.0280856043100357,0.2310636937618255,0.240930438041687,0.0825007557868957,0.5204837322235107,0.1034533381462097,0.0351277291774749,0.1035188511013984,0.0123322745785117,0.2364138066768646,0.1729400157928466,0.2411647886037826,0.1916589736938476,0.0417823046445846,0.0119462255388498,0.1606694459915161,0.0136168058961629,0.1616103202104568,0.3972547054290771,0.2488538771867752,0.2503488063812256,0.0435558632016181,0.0522465407848358,0.2132860422134399,0.0416196882724761,0.123356893658638,0.0641161650419235,0.0623958557844162,0.0411623679101467,0.425917387008667,0.0979049727320671
0.3168175220489502,0.1308153867721557,0.2638714611530304,0.0901107490062713,0.3513519167900085,0.6116089224815369,0.112197145819664,0.2764115631580353,0.0097604095935821,0.1594082713127136,0.0342687219381332,0.2362520396709442,0.2530116438865661,0.0772177428007125,0.5183147192001343,0.1037414446473121,0.0308299623429775,0.1053944751620292,0.0129264630377292,0.2364101707935333,0.157912015914917,0.2478842139244079,0.1897757053375244,0.0446356274187564,0.0132802668958902,0.157474860548973,0.0153080578893423,0.1672015190124511,0.3827716112136841,0.2513009011745453,0.2403384149074554,0.0460210889577865,0.0523948222398757,0.2085680067539215,0.0411805212497711,0.1212756633758544,0.0625921636819839,0.0651741474866867,0.0412782914936542,0.4054933786392212,0.0952501893043518
0.3218957781791687,0.125909686088562,0.2638702988624573,0.0905570015311241,0.3567218482494354,0.6107169389724731,0.1155597865581512,0.2814779579639435,0.0105579951778054,0.1582935899496078,0.0339095890522003,0.2326401472091674,0.2495502531528473,0.0784878060221672,0.5221384167671204,0.1024118587374687,0.0309311375021934,0.1061889231204986,0.013680544681847,0.2341839671134948,0.1522798240184784,0.250613272190094,0.1886081844568252,0.0452755168080329,0.0130009101703763,0.1570278406143188,0.0174853932112455,0.1679027676582336,0.388958215713501,0.2495026588439941,0.2437014877796173,0.0465474501252174,0.0531123802065849,0.2088201344013214,0.0421618297696113,0.124032437801361,0.0630268603563308,0.0663636848330497,0.0414626747369766,0.4026747941970825,0.0924867540597915
0.3255808651447296,0.1302807629108429,0.278999388217926,0.0950787216424942,0.3333828449249267,0.622883677482605,0.1235785260796547,0.2871350049972534,0.0107737630605697,0.1605555117130279,0.0330637879669666,0.2340616583824157,0.2446745634078979,0.074928417801857,0.5108265280723572,0.1090044230222702,0.0301761254668235,0.1088417768478393,0.0140409767627716,0.2261592149734497,0.1681366860866546,0.2478740811347961,0.2058358490467071,0.040305882692337,0.0112427063286304,0.1342224180698394,0.0124626960605382,0.1616391241550445,0.3921312689781189,0.2491215169429779,0.2498940229415893,0.0451546758413314,0.052699115127325,0.2185083627700805,0.0403007641434669,0.1039026528596878,0.0710950195789337,0.0646033436059951,0.0416258797049522,0.4223777651786804,0.1022116094827652
0.3113751113414764,0.1293382197618484,0.2842439711093902,0.0903768390417099,0.3456690311431885,0.6242594718933105,0.1208744943141937,0.2762777805328369,0.0104198958724737,0.1657629311084747,0.0325029194355011,0.2320693284273147,0.2506226897239685,0.0756081566214561,0.5208417177200317,0.106657475233078,0.0303784124553203,0.1082150936126709,0.0135555379092693,0.2245963364839553,0.1678867638111114,0.247521236538887,0.2036800384521484,0.0408921316266059,0.011462970636785,0.1656267642974853,0.0129426596686244,0.1629555523395538,0.3919516205787658,0.2474845051765442,0.2485764324665069,0.0443534925580024,0.0521856173872947,0.2250491082668304,0.0420562475919723,0.1227883696556091,0.0646692216396331,0.065135933458805,0.0420542955398559,0.4317648410797119,0.1041494756937027
0.305489182472229,0.1219013333320617,0.2807777523994446,0.0928876549005508,0.3331963419914245,0.6151096820831299,0.1075139865279197,0.2636573910713196,0.0108687849715352,0.1341543197631836,0.0333945415914058,0.2305389046669006,0.2321416288614273,0.0848821252584457,0.4981487393379211,0.1086916998028755,0.0304598174989223,0.1042720377445221,0.0149735799059271,0.2263988405466079,0.1577848196029663,0.250565767288208,0.1965719163417816,0.0406633615493774,0.011809529736638,0.1643572449684143,0.0164080038666725,0.1647671312093734,0.3984993100166321,0.2492669522762298,0.2515140771865845,0.0456834957003593,0.054310992360115,0.2167159020900726,0.0402640923857688,0.1252877414226532,0.0634106323122978,0.0631615370512008,0.0404381155967712,0.4205913543701172,0.1021444797515869
0.3038583397865295,0.1218208819627761,0.2805655598640442,0.0928286164999008,0.3400750458240509,0.6196064949035645,0.1118556410074234,0.2663645446300506,0.0108978450298309,0.1376183032989502,0.0340847373008728,0.2318235635757446,0.2395940572023391,0.0850094929337501,0.5078120231628418,0.1084684878587722,0.0315396860241889,0.1061473712325096,0.0149899506941437,0.2267930209636688,0.1615737080574035,0.251507818698883,0.1979511529207229,0.0414892472326755,0.0121257435530424,0.1638047099113464,0.0136685213074088,0.1660006940364837,0.3980400562286377,0.2505097985267639,0.2523874342441559,0.0461204946041107,0.0548233985900878,0.2201409637928009,0.0415363572537899,0.1255592703819275,0.0640437081456184,0.0637375339865684,0.0414120405912399,0.4220824539661407,0.1033366620540618
0.277801901102066,0.1183388009667396,0.2566693723201751,0.0914661660790443,0.3433737158775329,0.6142561435699463,0.1125416904687881,0.2645460367202759,0.0101147852838039,0.1388822942972183,0.038050353527069,0.2336562275886535,0.2240238785743713,0.0856493115425109,0.4957135319709778,0.1106656938791275,0.0327845066785812,0.1082910150289535,0.0155852371826767,0.250033974647522,0.1639455407857895,0.2438247799873352,0.1951464414596557,0.0425845198333263,0.0134561555460095,0.1279985457658767,0.0170971248298883,0.1689795851707458,0.4086570739746094,0.2514494955539703,0.2618522346019745,0.0512120798230171,0.0599841140210628,0.2301732748746872,0.0420510172843933,0.1215234249830246,0.0666873008012771,0.0656660869717598,0.0437048785388469,0.4218229651451111,0.1068515330553054
0.2806376218795776,0.1191458627581596,0.2561536729335785,0.0914416089653968,0.342832088470459,0.6138768196105957,0.1116773039102554,0.2641493380069732,0.0100636258721351,0.1386365294456482,0.0379447638988494,0.2339275479316711,0.2247074693441391,0.085266962647438,0.4962033331394195,0.1107193678617477,0.0327621959149837,0.1081847175955772,0.0155672580003738,0.2513073980808258,0.1646429002285003,0.2431554198265075,0.195028007030487,0.0424463301897048,0.0133861321955919,0.1275829970836639,0.0167863070964813,0.168904960155487,0.4063048660755157,0.2522403597831726,0.2601270079612732,0.0512945279479026,0.0595971271395683,0.2284058630466461,0.0420871526002883,0.121025949716568,0.0664751976728439,0.0651378259062767,0.0434690713882446,0.4212843179702759,0.1070550754666328
0.2900525331497192,0.1223900914192199,0.2598434686660766,0.0913043022155761,0.3400040864944458,0.6144057512283325,0.105131447315216,0.2695130705833435,0.0212200116366148,0.135906845331192,0.03907161206007,0.2391815483570099,0.2265380769968032,0.0868688821792602,0.4963062405586242,0.1127646267414093,0.0334617160260677,0.109298899769783,0.0163698215037584,0.2241042256355285,0.1670159101486206,0.2482105642557144,0.1939828395843505,0.0434824377298355,0.0128454333171248,0.129812479019165,0.0179441645741462,0.1724404841661453,0.4042557179927826,0.2552359104156494,0.2586199641227722,0.0494064688682556,0.0581175349652767,0.2315899729728698,0.04273122549057,0.1051456704735755,0.0723669081926345,0.0862002298235893,0.0520076937973499,0.4223008155822754,0.1081640869379043
0.2950187921524048,0.123546615242958,0.2547676265239715,0.0913651287555694,0.3389170467853546,0.6149607300758362,0.1037538349628448,0.270544946193695,0.0212834570556879,0.1383439898490905,0.038545936346054,0.2387828826904297,0.2271046042442321,0.0861349254846572,0.4928242266178131,0.1123827770352363,0.0337338522076606,0.1086248010396957,0.0162362642586231,0.2224908769130706,0.1635537296533584,0.2496050745248794,0.1959208101034164,0.0431853160262107,0.0126755060628056,0.1290049403905868,0.0176543034613132,0.1729080975055694,0.4006910324096679,0.254189133644104,0.2568138539791107,0.050358735024929,0.0581039860844612,0.2327515929937362,0.0431147366762161,0.1041798964142799,0.0709497854113578,0.0856006741523742,0.0520854257047176,0.4186964035034179,0.1072764545679092
0.2825622856616974,0.1253402233123779,0.2725848853588104,0.0910904854536056,0.3393847942352295,0.6109842658042908,0.1100684106349945,0.263036847114563,0.0108339115977287,0.1312911957502365,0.0363801158964633,0.2374065071344375,0.2299689948558807,0.084205225110054,0.5146665573120117,0.1101958975195884,0.0319245681166648,0.1083040535449981,0.0155942039564251,0.2265672534704208,0.1772155463695526,0.2416017055511474,0.1950384378433227,0.0434340834617614,0.0127085633575916,0.1326334625482559,0.0176436658948659,0.1652770936489105,0.406040608882904,0.2574251890182495,0.2581086158752441,0.0467368066310882,0.055932268500328,0.2178460359573364,0.0408219322562217,0.1088780835270881,0.0733706578612327,0.0645975768566131,0.0413919575512409,0.4258314371109009,0.1036710739135742
0.2827831208705902,0.1273854970932006,0.2746690809726715,0.088979072868824,0.3453636169433594,0.6115190386772156,0.1102398335933685,0.2682358026504516,0.0105396062135696,0.1371148824691772,0.028975736349821,0.2353576123714447,0.2391987591981887,0.0825717896223068,0.5220105648040771,0.1073909401893615,0.0318565927445888,0.1075051426887512,0.0142713990062475,0.226096361875534,0.1783423125743866,0.2402918636798858,0.1952098757028579,0.0434724390506744,0.0129568185657262,0.1325021982192993,0.0172567516565322,0.1658667623996734,0.4023022949695587,0.2554195523262024,0.2557627260684967,0.0461130738258361,0.0545200780034065,0.228731170296669,0.0431006178259849,0.1058482676744461,0.0738408789038658,0.0650964528322219,0.0416725575923919,0.434671938419342,0.1050178110599517
0.2894873321056366,0.1239955723285675,0.2667093873023987,0.0924683660268783,0.3303401470184326,0.6085572242736816,0.1131935119628906,0.2641502618789673,0.010809164494276,0.1538701057434082,0.0380641669034957,0.2392389178276062,0.2144918739795684,0.0778237506747245,0.4769574999809265,0.1108979880809784,0.0315390713512897,0.1047572568058967,0.0167026333510875,0.2229596376419067,0.1596600115299224,0.2483267486095428,0.1919860541820526,0.0415773503482341,0.0151298586279153,0.163163274526596,0.0176484864205122,0.1688399314880371,0.4045759439468384,0.2550278007984161,0.2589032053947449,0.0494299307465553,0.0578773394227027,0.2264196276664734,0.0417848229408264,0.1322922706604004,0.0649559944868087,0.0651096478104591,0.0424612313508987,0.4195307493209839,0.1055565327405929
0.2809370160102844,0.1237785369157791,0.2635291218757629,0.0890635326504707,0.3358716070652008,0.6084485054016113,0.1151986867189407,0.2644951045513153,0.0109487492591142,0.1359018683433532,0.0401158332824707,0.2387042045593261,0.2177939862012863,0.0784421190619468,0.4761206805706024,0.1106926798820495,0.0312719643115997,0.105862095952034,0.0173385180532932,0.2229234278202057,0.1598710268735885,0.2494129240512848,0.1919336318969726,0.0425472259521484,0.0156052494421601,0.1291900128126144,0.01802409440279,0.1711779534816742,0.4137292504310608,0.2561360001564026,0.2645101249217987,0.0507384277880191,0.0588559284806251,0.2278276532888412,0.0422594994306564,0.133812665939331,0.0647585391998291,0.066446304321289,0.043134830892086,0.4210749268531799,0.1055625304579734
0.2873100638389587,0.124995470046997,0.259667694568634,0.0940344780683517,0.35524383187294,0.6269740462303162,0.121605560183525,0.2725948691368103,0.0102835819125175,0.1511321365833282,0.0299603790044784,0.2365663647651672,0.2483319640159607,0.0727502331137657,0.5208607912063599,0.1106942743062973,0.0346290543675422,0.1085190027952194,0.0144182862713932,0.2282180786132812,0.1747279018163681,0.2409707009792328,0.1957245618104934,0.0434609055519104,0.0110180173069238,0.1630963087081909,0.0128225479274988,0.1604670137166977,0.4070874452590942,0.2530960142612457,0.2621283829212188,0.0528849139809608,0.0597579330205917,0.2283991426229477,0.0417164042592048,0.1263218075037002,0.0629385560750961,0.0675411745905876,0.043214812874794,0.3539613485336303,0.1005449965596199
0.288759171962738,0.1258139610290527,0.2590247392654419,0.094587504863739,0.3533855676651001,0.6258631944656372,0.1197602450847625,0.2700971662998199,0.0104279480874538,0.1507055461406707,0.0302362889051437,0.2366372942924499,0.2451793998479843,0.0721398293972015,0.5219220519065857,0.1112981513142585,0.0347805432975292,0.1078694760799408,0.0144074372947216,0.227506935596466,0.1751053035259246,0.2403352260589599,0.1959117352962494,0.0430260375142097,0.0109833721071481,0.1637338548898697,0.0127173159271478,0.1608420312404632,0.4059187173843384,0.2534198760986328,0.2620908319950104,0.0534405261278152,0.060567669570446,0.2288672029972076,0.0416064783930778,0.1260733902454376,0.0632227435708046,0.0682536587119102,0.0433079227805137,0.3540627658367157,0.1010103002190589
0.2874099612236023,0.1199381425976753,0.2826626896858215,0.0924334898591041,0.3451074659824371,0.6213648319244385,0.1103701889514923,0.2689868211746216,0.0123910885304212,0.1584374606609344,0.0360002368688583,0.2370845675468444,0.2072583138942718,0.0642550736665725,0.4906864464282989,0.1146918311715126,0.0361221395432949,0.1015051305294036,0.0141494218260049,0.2243143916130066,0.1802976131439209,0.2460521161556244,0.1856510639190673,0.0401483625173568,0.0115476511418819,0.1604967266321182,0.015775628387928,0.1580000966787338,0.3933443129062652,0.2545294761657715,0.2522956728935241,0.0471415594220161,0.0581691339612007,0.2053084671497345,0.0389132089912891,0.1313966512680053,0.0654105991125106,0.0614874511957168,0.0390535816550254,0.4131646454334259,0.1062113791704177
0.2842462956905365,0.1183394789695739,0.275575190782547,0.0916347652673721,0.3396729826927185,0.6181089878082275,0.1100394874811172,0.2687417268753052,0.0117227118462324,0.1377298533916473,0.0375894308090209,0.2366452068090438,0.2024234533309936,0.0643812790513038,0.4801453948020935,0.1150238960981369,0.0369526520371437,0.102159559726715,0.014323865994811,0.2203108668327331,0.1794010698795318,0.2455397248268127,0.1834168434143066,0.0403311550617218,0.0112803680822253,0.160831481218338,0.0155339073389768,0.1583108603954315,0.3976028859615326,0.2534199059009552,0.2550697922706604,0.0490870289504528,0.058528833091259,0.2076140791177749,0.0396379977464675,0.1278940141201019,0.065614029765129,0.0673737004399299,0.0414711609482765,0.4100438058376312,0.1064463853836059
0.2952215075492859,0.1202725544571876,0.2877156138420105,0.0997204929590225,0.3345708549022674,0.6173568367958069,0.108029767870903,0.2650712132453918,0.0130307935178279,0.1534397006034851,0.0363419614732265,0.235753908753395,0.2049292623996734,0.0636258050799369,0.4854651391506195,0.1142420917749404,0.0356282331049442,0.1024055778980255,0.0142002878710627,0.2206113189458847,0.1845733672380447,0.2488850355148315,0.1891608387231826,0.0404752194881439,0.0107497200369834,0.1401891261339187,0.0154001489281654,0.1579701900482177,0.3982982635498047,0.2553005218505859,0.2550117969512939,0.0474499687552452,0.0566354766488075,0.2008110731840133,0.0388162583112716,0.1313502788543701,0.0653261840343475,0.061217613518238,0.0387184172868728,0.4102924466133117,0.1029927432537078
0.2971039414405823,0.1195636987686157,0.2873159348964691,0.0995493978261947,0.3353180289268493,0.6191816329956055,0.1089613884687423,0.2659831643104553,0.0129455188289284,0.1553111970424652,0.0358325503766536,0.2354288697242736,0.2077725529670715,0.0629550591111183,0.4870739281177521,0.1143324822187423,0.0355854332447052,0.1024425029754638,0.0140982028096914,0.2205739468336105,0.1828471720218658,0.2500600814819336,0.190923124551773,0.0403042137622833,0.0103769423440098,0.1399216949939727,0.0149697121232748,0.1571855843067169,0.3946272432804107,0.2541443705558777,0.2530578374862671,0.0471971444785594,0.0563424155116081,0.2009867876768112,0.0390192568302154,0.1300805956125259,0.0648068934679031,0.0610796213150024,0.0386082008481025,0.4097660779953003,0.1029617711901664
0.3034977912902832,0.1190572530031204,0.3012998402118683,0.0975357592105865,0.3497047424316406,0.6261885166168213,0.1093501672148704,0.2697067260742187,0.0117920665070414,0.1557218730449676,0.0351717770099639,0.2482408434152603,0.2188576608896255,0.0724076926708221,0.5063648819923401,0.113896332681179,0.0346229150891304,0.1029752045869827,0.0136884870007634,0.2220168113708496,0.1891212463378906,0.2472206950187683,0.1939228326082229,0.0397336371243,0.0104819145053625,0.1608962267637252,0.0150239113718271,0.1561561822891235,0.3940078020095825,0.2537837028503418,0.2558539509773254,0.0456131920218467,0.0552912652492523,0.2029051929712295,0.0390182435512542,0.1292774230241775,0.0655970424413681,0.0671130120754242,0.0419652909040451,0.3626018166542053,0.100317507982254
0.3053500354290008,0.1294436305761337,0.3041593432426452,0.1033580526709556,0.3602843880653381,0.6353369951248169,0.1154530197381973,0.2744089365005493,0.0123770646750926,0.1625803112983703,0.036192487925291,0.2498229742050171,0.2465818673372268,0.0686503127217292,0.5224603414535522,0.115690067410469,0.0340004041790962,0.1056745201349258,0.0131606999784708,0.2380613088607788,0.198318138718605,0.23940509557724,0.209621176123619,0.0391633287072181,0.014437410980463,0.1640538871288299,0.0139050707221031,0.1548024415969848,0.3866961598396301,0.2583885788917541,0.2474619150161743,0.0429335944354534,0.0547098778188228,0.1855438798666,0.0376024767756462,0.1382738053798675,0.064159020781517,0.0603549107909202,0.038842536509037,0.3657566905021667,0.1054321378469467
0.3061999082565307,0.1346833407878875,0.2573123574256897,0.0953558385372161,0.3686082363128662,0.6246428489685059,0.1148312985897064,0.2804193794727325,0.0119607364758849,0.1571758091449737,0.0393210314214229,0.2394143044948578,0.2424137145280838,0.0725873559713363,0.5200213193893433,0.1100132912397384,0.0380279943346977,0.1134522557258606,0.0150478109717369,0.2475868463516235,0.1610055267810821,0.2564100325107574,0.194364309310913,0.0452458932995796,0.0116665810346603,0.1247688755393028,0.0163741596043109,0.164415031671524,0.4024850726127624,0.255997747182846,0.2593603134155273,0.0483634546399116,0.0541001707315444,0.2003998756408691,0.0428893789649009,0.127633661031723,0.0609663352370262,0.0710914358496666,0.0412573963403701,0.4000336229801178,0.0963755548000335
0.3054595589637756,0.1348344087600708,0.2579658329486847,0.0951457023620605,0.3686133921146393,0.6242969632148743,0.1148574501276016,0.2799322605133056,0.0127766709774732,0.156675711274147,0.0390822887420654,0.2397354245185852,0.2416843473911285,0.0723666548728942,0.5220348834991455,0.1097988337278366,0.0380505882203578,0.112947791814804,0.0151048200204968,0.2480877339839935,0.1614592671394348,0.2557980418205261,0.1945178061723709,0.0450903922319412,0.0116294054314494,0.1247874796390533,0.0163348764181137,0.1641329377889633,0.4029294848442077,0.2560805380344391,0.2596857845783233,0.0484649315476417,0.0541108325123786,0.2008842825889587,0.0428129956126213,0.1277411729097366,0.0610352754592895,0.0632098168134689,0.0390165969729423,0.4002492129802704,0.0963432639837265
0.3072612583637237,0.1361201852560043,0.2572289109230041,0.0940774977207183,0.3751309514045715,0.6302629709243774,0.1149092242121696,0.2849993407726288,0.0116095831617712,0.1829836964607238,0.0295440778136253,0.2389669716358184,0.2519670128822326,0.0773913487792015,0.5328073501586914,0.1095077246427536,0.0342318601906299,0.1126516014337539,0.0135881435126066,0.2459462583065033,0.1624134629964828,0.2543637156486511,0.1980370581150055,0.0447138026356697,0.0155826527625322,0.1548105478286743,0.0152382981032133,0.1650083363056183,0.3888173997402191,0.2535944879055023,0.249138742685318,0.0468149036169052,0.0540997385978698,0.2024723291397094,0.0419156402349472,0.1301768720149994,0.0611797869205474,0.060721855610609,0.0378888249397277,0.4016885161399841,0.0952097922563552
0.3057369589805603,0.1330176442861557,0.261955201625824,0.0936975255608558,0.3741914629936218,0.6274777054786682,0.1162513121962547,0.2819041609764099,0.0117743462324142,0.1787179708480835,0.0293850414454936,0.2399405539035797,0.2473754286766052,0.0781005546450614,0.5317508578300476,0.1099819988012313,0.0343510508537292,0.111326016485691,0.0139218224212527,0.244550421833992,0.1617434024810791,0.2555285692214966,0.1945513784885406,0.0447887666523456,0.0154838971793651,0.1555132120847702,0.0153842661529779,0.1652268767356872,0.3883781135082245,0.254716694355011,0.2484442740678787,0.0464681200683116,0.0538107454776763,0.2010072171688079,0.0419686213135719,0.1324731260538101,0.061458021402359,0.0603618659079074,0.0379200801253318,0.4034754335880279,0.0952091962099075
0.2992264628410339,0.1286639422178268,0.2672934234142303,0.0929895639419555,0.3601825833320617,0.6277285814285278,0.1191337630152702,0.2755479514598846,0.0109241940081119,0.1490956544876098,0.0313751585781574,0.2411461174488067,0.2316232770681381,0.083485335111618,0.5193746089935303,0.1146366596221923,0.0357563234865665,0.1195863708853721,0.0145415198057889,0.2244235873222351,0.1700962334871292,0.2531068325042724,0.1957303583621978,0.0424692593514919,0.0115308901295065,0.1598921120166778,0.0152285806834697,0.160541832447052,0.397451639175415,0.258871853351593,0.2591563463211059,0.0487957373261451,0.0564528852701187,0.2137186378240585,0.0408853255212307,0.128978431224823,0.0623299069702625,0.0673993676900863,0.0412197150290012,0.4027205407619476,0.1019803583621978
0.2940074801445007,0.1301456689834594,0.2591918110847473,0.0943912714719772,0.3711511194705963,0.6250050067901611,0.1177063956856727,0.2738753259181976,0.0118661047890782,0.1546895205974578,0.0307704079896211,0.2390390634536743,0.2458525598049163,0.0864550769329071,0.5309712886810303,0.1109305173158645,0.036093819886446,0.1094005703926086,0.0148263787850737,0.2477310448884964,0.1621794700622558,0.2533156871795654,0.1907361447811126,0.0451238825917243,0.0155699122697114,0.1571171134710312,0.0159760527312755,0.164955586194992,0.3945436477661133,0.2570283114910126,0.2515614032745361,0.0487795136868953,0.055725809186697,0.2079809010028839,0.0423057302832603,0.1330369710922241,0.0606851838529109,0.0620883330702781,0.0389073900878429,0.4024960398674011,0.0963509604334831
0.2982554733753204,0.1190464198589325,0.2814265489578247,0.0931712836027145,0.351036012172699,0.6222431659698486,0.1166981309652328,0.2668927311897278,0.0105998516082763,0.1447128653526306,0.0309787113219499,0.2451469004154205,0.2147442996501922,0.0821418017148971,0.5026585459709167,0.1160437166690826,0.0355294495820999,0.1087389513850212,0.0143272913992404,0.2377234697341919,0.1785182654857635,0.2483649849891662,0.1627737432718277,0.0401301309466362,0.0107959657907485,0.1598735898733139,0.0139426421374082,0.1487268656492233,0.3624619245529175,0.2555044293403625,0.2698013484477997,0.0504603423178195,0.0581879653036594,0.2310795485973358,0.0409951210021972,0.1229415386915206,0.065826378762722,0.0673744827508926,0.0426283180713653,0.3583528101444244,0.099906787276268
0.2966494560241699,0.117498368024826,0.2819998860359192,0.0933961570262909,0.348843514919281,0.6216723322868347,0.1171732693910598,0.2656400203704834,0.0105727221816778,0.1446439176797866,0.0307563114911317,0.2444881647825241,0.2137141227722168,0.0824610888957977,0.5004018545150757,0.1162701770663261,0.0357513688504695,0.108182854950428,0.0143461413681507,0.2375670224428177,0.1784552037715912,0.2484210133552551,0.1619094759225845,0.0400574803352355,0.010756492614746,0.1598080396652221,0.0137742515653371,0.1486081480979919,0.3620153069496155,0.2550236880779266,0.2693577408790588,0.050622709095478,0.0583698451519012,0.2309499084949493,0.0407697148621082,0.1230403259396553,0.0658265948295593,0.0671347752213478,0.0427556559443473,0.3586223125457763,0.0999744534492492
0.2924374639987945,0.117410235106945,0.2942932546138763,0.0923740267753601,0.34696164727211,0.6137121915817261,0.1043072268366813,0.2736194133758545,0.0200244020670652,0.1425798535346985,0.0308923237025737,0.2339675724506378,0.2363103777170181,0.0840617790818214,0.483062744140625,0.1118204891681671,0.0340181216597557,0.1022660508751869,0.0159612633287906,0.2304461151361465,0.1695794463157653,0.2469719648361206,0.2021187841892242,0.0398499406874179,0.0152333443984389,0.1574453562498092,0.0130566339939832,0.1574863791465759,0.3942681550979614,0.2598724663257599,0.2549550235271454,0.0453716740012168,0.0532208681106567,0.2107992768287658,0.0393390096724033,0.1199700981378555,0.0678845196962356,0.0748519748449325,0.0501111596822738,0.4028134346008301,0.099573478102684
0.2916896343231201,0.1185937225818634,0.2971045970916748,0.0926565080881118,0.343887984752655,0.6132258176803589,0.1089491993188858,0.2691336870193481,0.0199799239635467,0.1408295631408691,0.030785460025072,0.2343544661998748,0.2373899519443512,0.0834673047065734,0.4850913286209106,0.1096766889095306,0.0338538698852062,0.1015534996986389,0.0158897321671247,0.2326285690069198,0.1744110286235809,0.2456513345241546,0.2039929926395416,0.0394226498901844,0.0151652675122022,0.1577518433332443,0.0128437159582972,0.1570110321044922,0.3941555917263031,0.2602632641792297,0.2548058331012726,0.0452825017273426,0.0533606074750423,0.2094925642013549,0.0390784665942192,0.1197953894734382,0.067613884806633,0.074052408337593,0.0497038103640079,0.4049132466316223,0.1004541367292404
0.2883982360363006,0.1192445009946823,0.2907125055789947,0.0925085246562957,0.353362888097763,0.6180229783058167,0.1093028634786605,0.2727099657058716,0.0197390932589769,0.1451177299022674,0.0304542370140552,0.2337855547666549,0.2424524128437042,0.061350017786026,0.4813854992389679,0.1120509356260299,0.0330697894096374,0.1235453337430954,0.0150257088243961,0.2353654950857162,0.1741803586483001,0.245243102312088,0.2080235034227371,0.0390163287520408,0.0149985831230878,0.1551100611686706,0.0117909647524356,0.1553131937980651,0.3884719014167785,0.2586840987205505,0.2518234848976135,0.0454569607973098,0.0539324060082435,0.2074660658836364,0.0395084097981452,0.1207584515213966,0.0661396831274032,0.0745600908994674,0.0495139136910438,0.4041276574134826,0.1017972007393837
0.2895940542221069,0.1188478991389274,0.291907399892807,0.0968393459916114,0.3516337275505066,0.6187618970870972,0.1088705360889434,0.2732517123222351,0.0199214536696672,0.1440989822149276,0.0301867201924324,0.2337013781070709,0.2393776327371597,0.0612310022115707,0.4803360402584076,0.1105022132396698,0.0330572910606861,0.1230537444353103,0.0151232983916997,0.2352523505687713,0.1742892563343048,0.2467093169689178,0.2084226608276367,0.0391422919929027,0.0151418820023536,0.155416801571846,0.0120238801464438,0.1554023474454879,0.3876400589942932,0.2578532695770263,0.2513590455055237,0.0450577512383461,0.0540417283773422,0.205731451511383,0.0396085232496261,0.1209155619144439,0.0659062564373016,0.0746996998786926,0.0492652729153633,0.3469123244285583,0.1012067198753357
0.30139821767807,0.1149811744689941,0.2883250117301941,0.0933138877153396,0.3438085317611694,0.6152682304382324,0.1208193004131317,0.2733272016048431,0.0196363255381584,0.1461127549409866,0.0313031338155269,0.2304866015911102,0.2296970635652542,0.0617333799600601,0.4665547013282776,0.1104175895452499,0.0340111777186393,0.0989514514803886,0.015292502939701,0.2293579578399658,0.1736944168806076,0.2447362393140792,0.2022774964570999,0.0381423979997634,0.0152194118127226,0.1560028791427612,0.0117962770164012,0.1445864737033844,0.347495436668396,0.2556025683879852,0.2544714510440826,0.0455718338489532,0.0544114857912063,0.2107292264699936,0.0401171296834945,0.112872302532196,0.0656275302171707,0.0719823539257049,0.0479490384459495,0.4069852232933044,0.1024769097566604
0.2898324728012085,0.1143627315759658,0.2846282124519348,0.093816265463829,0.3458280861377716,0.6166961193084717,0.1224280372262001,0.2764480412006378,0.0198247227817773,0.1468366682529449,0.0314544104039669,0.2308968156576156,0.2280553728342056,0.0616796649992466,0.4675434827804565,0.1108316928148269,0.034488771110773,0.1000168770551681,0.0151998838409781,0.2272070348262787,0.1689614355564117,0.245079755783081,0.2005315124988556,0.038071010261774,0.0151510136201977,0.1561153084039688,0.0121351322159171,0.1543150246143341,0.3879992961883545,0.2545899152755737,0.2526438236236572,0.045959997922182,0.0545280575752258,0.2100274860858917,0.0401036106050014,0.1142431497573852,0.0652550384402275,0.0726390182971954,0.048425406217575,0.4053980112075805,0.1023055613040924
0.2744325995445251,0.1079324632883071,0.2903178632259369,0.0904669016599655,0.3542568683624267,0.621358335018158,0.1130392774939537,0.2810229361057281,0.019634548574686,0.1494109779596328,0.0270686130970716,0.2324279844760894,0.2181954383850097,0.061572290956974,0.4621114134788513,0.1124453097581863,0.0345969572663307,0.0988610088825225,0.0108573529869318,0.2257038652896881,0.1754421889781952,0.2444655895233154,0.1982515752315521,0.0378266759216785,0.0156631749123334,0.1559042185544967,0.0124000217765569,0.1546571254730224,0.3925037682056427,0.2553162574768066,0.2558609843254089,0.045899711549282,0.0561261922121048,0.2189896404743194,0.040968932211399,0.1141644790768623,0.0674061253666877,0.0739738941192627,0.0494499020278453,0.4090059399604797,0.1054407134652137
0.2738771438598633,0.1079260930418968,0.2921681106090545,0.0900777876377105,0.3565781712532043,0.6223684549331665,0.1139840930700302,0.2805697619915008,0.0197288449853658,0.1496155261993408,0.0266198627650737,0.232652261853218,0.2244807183742523,0.0827464759349823,0.470685213804245,0.111184224486351,0.0347138717770576,0.099020704627037,0.010873612947762,0.2280960977077484,0.1756095737218856,0.2450038790702819,0.1985896080732345,0.0381464883685112,0.0157122127711772,0.1561434417963028,0.0125507647171616,0.1546319127082824,0.3912151455879211,0.2539235949516296,0.254532516002655,0.045583501458168,0.0558561533689498,0.2153658270835876,0.0409797616302967,0.1148744449019432,0.0671609193086624,0.0738034918904304,0.0494163408875465,0.4074270725250244,0.1048671081662178
0.2604143023490906,0.1071331053972244,0.2767536044120788,0.0944704562425613,0.3390244245529175,0.616615891456604,0.1221613883972168,0.2640154063701629,0.0117163006216287,0.140009805560112,0.0381725579500198,0.2436506450176239,0.2136321067810058,0.0860797986388206,0.5285298824310303,0.113266721367836,0.0390403978526592,0.1019056141376495,0.016643077135086,0.2430695742368698,0.1763224303722381,0.2468414157629013,0.1887535452842712,0.041285216808319,0.0162049960345029,0.1292853653430938,0.016379464417696,0.1610699295997619,0.4101355373859405,0.2526324391365051,0.2644365727901459,0.0495625957846641,0.0579582266509532,0.2216323763132095,0.0427888371050357,0.1252028942108154,0.0691019892692565,0.0651405751705169,0.0434781312942504,0.3568379282951355,0.0952780991792678
0.2618475258350372,0.1072878092527389,0.2808977663516998,0.0935097485780716,0.3422496318817138,0.6181073188781738,0.1232187300920486,0.2652870416641235,0.0116885844618082,0.1407941579818725,0.0375669449567794,0.2450929582118988,0.2154778987169265,0.0855763405561447,0.532900333404541,0.114523559808731,0.0391738452017307,0.1021771430969238,0.0163182597607374,0.2208590060472488,0.1779932081699371,0.2462417185306549,0.189407929778099,0.0409830138087272,0.0159578155726194,0.1292343139648437,0.0159075707197189,0.1599818468093872,0.4084385633468628,0.2521747350692749,0.2638229429721832,0.0485225170850753,0.0570511072874069,0.221503734588623,0.0428394898772239,0.1246098950505256,0.0693882852792739,0.0646354854106903,0.0435583889484405,0.3552206158638,0.0948695540428161
0.2967891991138458,0.1050262972712516,0.3160951137542724,0.0962647646665573,0.331883043050766,0.6129986047744751,0.1162533983588218,0.2635784745216369,0.0112536903470754,0.1298417747020721,0.0356989204883575,0.2306536436080932,0.1987817585468292,0.0856769531965255,0.4898058474063873,0.1142356097698211,0.0355282463133335,0.0980952233076095,0.0159769970923662,0.2216064035892486,0.1723229438066482,0.2423485368490219,0.1866840273141861,0.0365657433867454,0.0100987330079078,0.1653452515602111,0.0163799189031124,0.1488620340824127,0.3613561987876892,0.2549901604652405,0.2659110724925995,0.0531936101615428,0.059896845370531,0.2224639803171157,0.0402889177203178,0.1253860741853714,0.0692057311534881,0.0667184293270111,0.0427772253751754,0.4182347953319549,0.1024952456355094
0.3016920387744903,0.1036659926176071,0.3152080178260803,0.0981062948703765,0.3302075564861297,0.6119731664657593,0.1179895773530006,0.2640906274318695,0.0117674767971038,0.1289398074150085,0.034861609339714,0.2291784882545471,0.1952991187572479,0.0866223871707916,0.4843491315841675,0.1146340444684028,0.0360240787267684,0.0984428524971008,0.0162032414227724,0.2174400687217712,0.1672379523515701,0.2450151294469833,0.182466834783554,0.0382786989212036,0.01054248213768,0.1663121581077575,0.0167578160762786,0.149097666144371,0.3593356609344482,0.2534266114234924,0.2630921304225921,0.0529978647828102,0.0594009011983871,0.2186857163906097,0.0401270426809787,0.1284621953964233,0.0684735029935836,0.0666298866271972,0.0422996208071708,0.4173356294631958,0.1014690771698951
0.291290819644928,0.1124575734138488,0.3184120059013366,0.1012340486049652,0.3527173995971679,0.6245792508125305,0.1188521385192871,0.2666097283363342,0.0208629444241523,0.1620257794857025,0.0312122981995344,0.2404288947582245,0.2484545558691024,0.082141175866127,0.4978776574134826,0.1127921640872955,0.0341406986117363,0.102674975991249,0.0156749375164508,0.2337869703769683,0.1850857883691787,0.2483435869216919,0.2037049233913421,0.0394231677055358,0.0137882120907306,0.1606893390417099,0.0128129199147224,0.1569839119911193,0.3884270489215851,0.2536619305610657,0.2530487477779388,0.0434544011950492,0.0541078262031078,0.19766366481781,0.0384343639016151,0.1250484883785247,0.0648934990167617,0.0743592381477356,0.0484261438250541,0.3608482480049133,0.0959972888231277
0.283825933933258,0.1082394570112228,0.3148975968360901,0.0985804349184036,0.345741868019104,0.6241917014122009,0.1234969198703765,0.2690244317054748,0.0119437109678983,0.1357133090496063,0.034820657223463,0.23911714553833,0.2266465723514557,0.0842391178011894,0.5078532695770264,0.1150042042136192,0.0364318192005157,0.1007734388113021,0.016103122383356,0.2247067391872406,0.1768676489591598,0.2463363409042358,0.1915188282728195,0.037980567663908,0.0117116114124655,0.1661727577447891,0.0150254741311073,0.1579209566116333,0.4051499962806701,0.2519433200359344,0.2633363306522369,0.0523580610752105,0.0584850572049617,0.2133714705705642,0.040567722171545,0.128996267914772,0.0661698281764984,0.0670550987124443,0.043138101696968,0.3642953038215637,0.0951706916093826
0.3024283945560455,0.1103225797414779,0.2935179769992828,0.096534252166748,0.3584111928939819,0.6263319253921509,0.1254395842552185,0.2845282554626465,0.0121410470455884,0.14419786632061,0.030745480209589,0.2372696101665496,0.2283556163311004,0.0847838521003723,0.4940651059150696,0.1146522760391235,0.0353212878108024,0.1035977080464363,0.0155957313254475,0.2223326116800308,0.1694731712341308,0.2501717805862427,0.1932892352342605,0.0390767082571983,0.0107270963490009,0.1619152873754501,0.0153783950954675,0.1515007466077804,0.3647671937942505,0.2487966418266296,0.2632861137390136,0.049361128360033,0.0577066987752914,0.2167303562164306,0.0412678346037864,0.1294848471879959,0.0669267028570175,0.0695911645889282,0.0432217940688133,0.3727611303329468,0.0996299237012863
0.3024396002292633,0.1096625551581382,0.2940227687358856,0.0963367521762847,0.3584919571876526,0.6285682916641235,0.1261035352945327,0.2850944995880127,0.012263223528862,0.1441691070795059,0.0308101698756217,0.2375930249691009,0.2305944561958313,0.084559217095375,0.4969907999038696,0.1155631616711616,0.0357556864619255,0.1034345477819442,0.0158629324287176,0.2223933041095733,0.1684872061014175,0.2524923086166382,0.1943172663450241,0.0394333004951477,0.0107912514358758,0.1618812829256057,0.0153979752212762,0.1519031524658203,0.3628638386726379,0.2488403618335724,0.2620885372161865,0.0492029972374439,0.0579806640744209,0.2161806523799896,0.0411576963961124,0.1308605074882507,0.0666999667882919,0.0699100196361541,0.043614238500595,0.3710619211196899,0.0994168370962143
0.293083906173706,0.1116261929273605,0.3058296144008636,0.1017985045909881,0.3379096090793609,0.6059575080871582,0.117257684469223,0.2653743922710418,0.0116267343983054,0.1343993693590164,0.0337264165282249,0.2280083447694778,0.2149161994457245,0.0799296051263809,0.4581369161605835,0.1112178564071655,0.0346389934420585,0.1031800955533981,0.0164108108729124,0.2369430661201477,0.1602237224578857,0.246117889881134,0.1897005438804626,0.0404724963009357,0.0102055761963129,0.1582302451133728,0.0154707506299018,0.1582247167825698,0.3979972600936889,0.2576307654380798,0.254753977060318,0.043814867734909,0.05292284861207,0.1931244730949401,0.0374595001339912,0.1271146237850189,0.0644640401005745,0.0600871443748474,0.0406612940132617,0.4176695942878723,0.101173847913742
0.29274582862854,0.1116446703672409,0.3053767681121826,0.1018497794866561,0.3384335935115814,0.6057142019271851,0.1170045286417007,0.2651770114898681,0.0116220759227871,0.1345624327659607,0.0337144881486892,0.2278251945972442,0.2146141827106475,0.0797723680734634,0.4583783745765686,0.1111220121383667,0.0345917716622352,0.1030246913433075,0.0163736809045076,0.2369294911623001,0.1591607332229614,0.2461356520652771,0.1896812319755554,0.0404086299240589,0.0101814270019531,0.1580239534378051,0.0154824098572134,0.1582157611846923,0.3979862630367279,0.257651686668396,0.2548939883708954,0.0439057946205139,0.0528863444924354,0.193139761686325,0.0374791994690895,0.1270995736122131,0.0644208788871765,0.0600492507219314,0.0406935587525367,0.4171981811523437,0.1008385419845581
0.2967367172241211,0.1147673726081848,0.3135732412338257,0.09602090716362,0.3499236404895782,0.616887092590332,0.1196183413267135,0.2772573828697204,0.0106959352269768,0.1407531052827835,0.0258034169673919,0.2363984882831573,0.2378585636615753,0.0751141160726547,0.4871430099010467,0.1093118637800216,0.0332344137132167,0.1033591479063034,0.0154661694541573,0.2247534990310669,0.163312017917633,0.2500967383384704,0.2035022974014282,0.0407336689531803,0.0136616798117756,0.1562146097421646,0.0137974582612514,0.1589539051055908,0.3985095024108886,0.2548581957817077,0.2588229179382324,0.0444374531507492,0.052573312073946,0.2071943283081054,0.0381930284202098,0.129419207572937,0.0676476880908012,0.0619813576340675,0.0432261601090431,0.3668409585952759,0.0976517125964164
0.2907278835773468,0.1121338531374931,0.3044000566005707,0.1007189452648162,0.3446351885795593,0.6190016269683838,0.1252007484436035,0.2715955972671509,0.0127440802752971,0.1367477774620056,0.0360605791211128,0.237051635980606,0.219864159822464,0.0848404169082641,0.500098466873169,0.1154461205005645,0.0371255576610565,0.1047500818967819,0.0170477703213691,0.2211891859769821,0.1647907197475433,0.2492215037345886,0.1933557689189911,0.0400554239749908,0.0123098585754632,0.1322750151157379,0.0161250326782464,0.1600782573223114,0.4116399884223938,0.2532882690429687,0.2657681107521057,0.0485907867550849,0.0566523522138595,0.2120722085237503,0.0396631583571434,0.1364189237356186,0.0682104080915451,0.0695189461112022,0.0438914448022842,0.3654626607894897,0.096235305070877
0.2887083888053894,0.1124350726604461,0.3024391531944275,0.1027065217494964,0.3454304039478302,0.6154935359954834,0.1248658299446106,0.2680240869522095,0.0129975033923983,0.1332671493291854,0.0382232852280139,0.2389401197433471,0.209322303533554,0.0864318460226059,0.4850829839706421,0.1166760101914405,0.0371614545583725,0.1072807535529136,0.0170670095831155,0.2195991724729538,0.1615711152553558,0.244744598865509,0.1890604197978973,0.0417092144489288,0.0116795655339956,0.134346455335617,0.0169061794877052,0.159766137599945,0.4122291207313537,0.2566550970077514,0.2685456573963165,0.048820361495018,0.057077270001173,0.2065750509500503,0.0392068699002265,0.1356675773859024,0.0674759894609451,0.0703990310430526,0.0429216101765632,0.3655452132225036,0.097848854959011
0.2865318059921264,0.1115483716130256,0.3044563233852386,0.1024179384112358,0.3442881405353546,0.6144994497299194,0.12531778216362,0.2661153078079223,0.0129839545115828,0.1322399079799652,0.0382838919758796,0.2387149930000305,0.2075556814670562,0.0856713131070137,0.4861119389533996,0.116607017815113,0.0368447564542293,0.1069803610444068,0.0170194264501333,0.2204251289367675,0.1620080918073654,0.2440128624439239,0.1884302943944931,0.0416724197566509,0.0117048453539609,0.1349112540483474,0.0168747771531343,0.1599017679691314,0.4126301407814026,0.2562824189662933,0.2684180736541748,0.0488159470260143,0.0573474802076816,0.2068684101104736,0.0391421094536781,0.1368968784809112,0.0674971714615821,0.0704269856214523,0.0428649261593818,0.3670787811279297,0.0980427712202072
0.2953957319259643,0.1206645965576171,0.3027756810188293,0.1032122522592544,0.3689159750938415,0.6260453462600708,0.1285661458969116,0.2773588299751282,0.0164812318980693,0.1419239640235901,0.0376184359192848,0.2449220269918441,0.2303454875946045,0.0847352147102356,0.5055350065231323,0.1169207468628883,0.0368199869990348,0.1099041253328323,0.0166815631091594,0.2335335314273834,0.1628098785877227,0.2459997236728668,0.2019774317741394,0.0395252704620361,0.0108617953956127,0.161652997136116,0.0155381485819816,0.157986581325531,0.4020587801933288,0.258998155593872,0.2636773586273193,0.0462484285235405,0.054503571242094,0.1973439455032348,0.0400193929672241,0.1368468999862671,0.0663138329982757,0.0737054795026779,0.0490046590566635,0.3603833615779876,0.0963663980364799
0.2949443459510803,0.1187231540679931,0.2999244630336761,0.1034867540001869,0.3671813905239105,0.6270579099655151,0.1307726055383682,0.2776328325271606,0.0165110770612955,0.1424703747034073,0.0380758419632911,0.2432125359773636,0.2272514998912811,0.0850123614072799,0.5035178661346436,0.1170142292976379,0.0365895591676235,0.1096623614430427,0.0167182497680187,0.2307656705379486,0.1631114184856414,0.2487914860248565,0.2010171264410019,0.0403273925185203,0.0124987568706274,0.1618030071258545,0.0163427256047725,0.159351035952568,0.4008704721927643,0.2587856948375702,0.2627196013927459,0.0465650558471679,0.0556831657886505,0.1992470473051071,0.0400016158819198,0.13889080286026,0.0666780322790145,0.0739407837390899,0.0486243292689323,0.3612019121646881,0.096352070569992
0.286925196647644,0.1293206959962844,0.3095230460166931,0.1013557612895965,0.3700421750545501,0.6372363567352295,0.13344407081604,0.2809891104698181,0.0133841335773468,0.1399274915456771,0.0409619808197021,0.237587571144104,0.2216338217258453,0.0848180204629898,0.4893063008785248,0.1184577047824859,0.0383332073688507,0.1125843003392219,0.0169213376939296,0.2231113165616989,0.1754284650087356,0.2457228899002075,0.1964657306671142,0.0409762151539325,0.0127553483471274,0.1456039696931839,0.0153053542599082,0.1598370522260666,0.4147312045097351,0.2460774928331375,0.279269129037857,0.0473502054810524,0.056505337357521,0.2098838686943054,0.03941111266613,0.1446625292301178,0.0685600191354751,0.0665588304400444,0.0408978387713432,0.3662697076797485,0.0993026793003082
0.2877026200294494,0.1172139197587966,0.2954382598400116,0.1017207354307174,0.3653864860534668,0.6215264797210693,0.1291594058275222,0.2746605277061462,0.0129403173923492,0.1383473575115203,0.0405515097081661,0.2317875921726226,0.2280170321464538,0.085749015212059,0.5016868114471436,0.1158541291952133,0.037534050643444,0.111470453441143,0.0174960196018219,0.2246587723493576,0.1670392155647277,0.2470668107271194,0.2002593576908111,0.0439837612211704,0.0133127775043249,0.1343374103307724,0.0167573727667331,0.16440249979496,0.4205147624015808,0.2608386576175689,0.2744956314563751,0.0498635247349739,0.0573505759239196,0.2138347029685974,0.0404419228434562,0.1414902508258819,0.0693447664380073,0.0712149441242218,0.0442660376429557,0.4143382012844085,0.101734884083271
0.2931649386882782,0.1155760437250137,0.249690294265747,0.0956292301416397,0.3635219931602478,0.6221986413002014,0.1246177852153778,0.2754970788955688,0.0111532127484679,0.1622730642557144,0.0322082787752151,0.2327667623758316,0.2454059571027755,0.0750870406627655,0.4657984375953674,0.1156060546636581,0.037439115345478,0.1100727617740631,0.0171519741415977,0.2286269813776016,0.1557178795337677,0.2530780732631683,0.197986289858818,0.0442819744348526,0.0135521180927753,0.1554947197437286,0.0133613310754299,0.1632042825222015,0.3986035585403442,0.2497756332159042,0.2627111673355102,0.0555688664317131,0.0599096044898033,0.2237457782030105,0.0409255661070346,0.1287285089492797,0.0637854859232902,0.0725028365850448,0.0440396070480346,0.3390946388244629,0.0992830246686935
0.2843452095985412,0.1143276691436767,0.2579190135002136,0.0956813171505928,0.356837511062622,0.6234885454177856,0.1283111423254013,0.2732688784599304,0.0117303188890218,0.1562945246696472,0.0343363657593727,0.2412157505750656,0.2383702844381332,0.0756073743104934,0.4708894491195678,0.1176567822694778,0.0391025468707084,0.1083577871322631,0.0180223919451236,0.2175467312335968,0.1665013134479522,0.249713510274887,0.1950218379497528,0.0446563735604286,0.0150948073714971,0.1577545404434204,0.0131562873721122,0.1604672223329544,0.4021666049957275,0.2532078325748443,0.2648177146911621,0.0572549551725387,0.0600696541368961,0.2305997461080551,0.0417113490402698,0.129420667886734,0.0639823526144027,0.0736876875162124,0.0452680550515651,0.3430476188659668,0.1047189906239509
0.2957636713981628,0.1186685413122177,0.2592059969902038,0.1022950410842895,0.3637386858463287,0.6218216419219971,0.1262249797582626,0.274436742067337,0.0117523884400725,0.1580216288566589,0.0332310236990451,0.2355581223964691,0.2487660646438598,0.0744276791810989,0.4784385859966278,0.1156909763813018,0.0376358330249786,0.1118462532758712,0.0162520892918109,0.2147706449031829,0.1687697172164917,0.2500249147415161,0.1985141932964325,0.0439763739705085,0.0112906424328684,0.1593707650899887,0.0123808998614549,0.1606536209583282,0.4015240669250488,0.2506147027015686,0.2641446590423584,0.0552112087607383,0.0585981905460357,0.219082161784172,0.0402339771389961,0.1293435245752334,0.0626081749796867,0.0738788694143295,0.0446838065981864,0.3376689553260803,0.0969453081488609
0.2961205542087555,0.1188473850488662,0.2581396102905273,0.1022593528032302,0.3626303672790527,0.621610164642334,0.1263364553451538,0.2748645842075348,0.0116664823144674,0.1583089530467987,0.0331539213657379,0.2352296262979507,0.2493812888860702,0.0745271295309066,0.4776963889598846,0.1155997663736343,0.0375660434365272,0.1120061427354812,0.0163218155503273,0.2143419235944748,0.1681981980800628,0.2502970695495605,0.198684275150299,0.0440588258206844,0.011313198134303,0.1594718396663665,0.0124445911496877,0.1608084142208099,0.4012486040592193,0.2506628036499023,0.2640689313411712,0.0552229583263397,0.0587370693683624,0.21977199614048,0.0402185246348381,0.1290788650512695,0.0626618713140487,0.0736959129571914,0.044548213481903,0.3379612565040588,0.0969902798533439
0.3041428029537201,0.1187728941440582,0.2915000021457672,0.1069122850894928,0.360579252243042,0.6228817105293274,0.1296509951353073,0.2755787074565887,0.0132621601223945,0.1422014087438583,0.0422714203596115,0.2300240695476532,0.241626888513565,0.0774694085121154,0.4972825348377228,0.1154422536492347,0.0383861996233463,0.1146289259195327,0.0177305079996585,0.2229683697223663,0.1607012748718261,0.2528777718544006,0.2046957165002823,0.0438457801938056,0.0130514856427907,0.1336197704076767,0.0162640251219272,0.1642633378505706,0.4180059731006622,0.2581231594085693,0.2734991908073425,0.0514091625809669,0.0563755258917808,0.2125219106674194,0.0395660176873207,0.1406863629817962,0.0655549317598342,0.0715674459934234,0.0443786196410656,0.4094326198101043,0.1003314405679702
0.3058526515960693,0.1176771819591522,0.2942678332328796,0.1066878736019134,0.3611286282539367,0.6256147027015686,0.1312962770462036,0.2781862020492553,0.016926072537899,0.1419210135936737,0.0417336672544479,0.2305973470211029,0.2424737811088562,0.0776730775833129,0.5015778541564941,0.1158372163772583,0.0390102937817573,0.1148081272840499,0.0177008882164955,0.2226872742176056,0.1611122041940689,0.2545660436153412,0.2075494825839996,0.0438682660460472,0.0132731217890977,0.1342903077602386,0.0160142220556736,0.163232073187828,0.415531188249588,0.2582421004772186,0.2741726636886596,0.0512393675744533,0.0564119480550289,0.2143511921167373,0.0396706685423851,0.1400671601295471,0.0661229193210601,0.0752304941415786,0.0499784424901008,0.4062298536300659,0.099429152905941
0.2583903074264526,0.0940198525786399,0.2838832437992096,0.0935463011264801,0.3284196853637695,0.6116104125976562,0.1266004145145416,0.2622086703777313,0.0127578787505626,0.1381989121437072,0.043784812092781,0.234413743019104,0.1678730547428131,0.0904553830623626,0.4659612774848938,0.1173253953456878,0.0400557368993759,0.104295015335083,0.0191930774599313,0.2282468676567077,0.1643600463867187,0.2479904145002365,0.1688643395900726,0.0424917787313461,0.0127996802330017,0.1277120411396026,0.020642913877964,0.1669865995645523,0.4255856871604919,0.2519766688346863,0.2740615904331207,0.051054798066616,0.0596935823559761,0.2217373102903366,0.0396113991737365,0.1285789310932159,0.0670153349637985,0.0684518367052078,0.0450753569602966,0.4210766553878784,0.1090564727783203
0.2598628401756286,0.0936587303876876,0.2865181267261505,0.0936081781983375,0.3288196325302124,0.6123260259628296,0.1281408965587616,0.2636641263961792,0.0129831954836845,0.1371749341487884,0.0437508001923561,0.2341452240943908,0.1684439927339553,0.0903798788785934,0.4669893085956573,0.1175629273056984,0.0400857776403427,0.1051050126552581,0.0191365424543619,0.2278267443180084,0.1646406948566436,0.2483064234256744,0.1688918769359588,0.0428662970662117,0.0130403181537985,0.12848761677742,0.0209367908537387,0.1666431128978729,0.4264453053474426,0.2524053454399109,0.2748129665851593,0.0508251190185546,0.0594548135995864,0.2209537625312805,0.0394384190440177,0.1303372085094452,0.0674245953559875,0.068980261683464,0.044987216591835,0.4218909442424774,0.1093129962682724
0.2629747986793518,0.100349836051464,0.2697625160217285,0.0912075191736221,0.3203217387199402,0.6030300855636597,0.117466889321804,0.2525670528411865,0.011717127636075,0.1327049732208252,0.038685567677021,0.2357679903507232,0.1686745434999466,0.0688568800687789,0.4723642766475677,0.1165290176868438,0.0390249788761138,0.1022632122039794,0.0179204288870096,0.2285856902599334,0.1653590053319931,0.2453226298093795,0.1755460500717163,0.0427773147821426,0.015879837796092,0.1565059870481491,0.0209857430309057,0.1688458621501922,0.3998575806617737,0.2554795742034912,0.2579251527786255,0.0505245104432106,0.0601966716349124,0.2208258509635925,0.0406332165002822,0.1290214657783508,0.0686196386814117,0.0641958937048912,0.0423924587666988,0.4205703139305115,0.1084400713443756
0.2641254663467407,0.101063385605812,0.2745049595832824,0.0913145169615745,0.3136758208274841,0.5964993834495544,0.1148081570863723,0.2483075559139251,0.0119615197181701,0.1285152733325958,0.0387660525739192,0.2356294095516204,0.1632375419139862,0.0702131688594818,0.4808082580566406,0.116044096648693,0.0389923006296157,0.1016099601984024,0.0183821395039558,0.227931797504425,0.1636157929897308,0.2439083606004715,0.1748849749565124,0.0430117323994636,0.0112599087879061,0.1571675837039947,0.0220043361186981,0.1699743419885635,0.4059118628501892,0.255985677242279,0.2607934474945068,0.0503862909972667,0.0601433478295803,0.2210991829633712,0.0399930924177169,0.1321286857128143,0.068791389465332,0.064366728067398,0.0420835465192794,0.4213244616985321,0.1079284697771072
0.2805573642253876,0.0969091206789016,0.2857869863510132,0.0914640799164772,0.3044884204864502,0.5961412191390991,0.1068696081638336,0.2563342154026031,0.0103767281398177,0.1285088956356048,0.0360759645700454,0.2305984497070312,0.1735013425350189,0.0689518675208091,0.4407399892807007,0.1091560274362564,0.0340397953987121,0.0995743870735168,0.0180914048105478,0.2217551469802856,0.160290241241455,0.2451867163181305,0.1767870187759399,0.040531650185585,0.0142512787133455,0.1527972221374511,0.0180205292999744,0.1643873155117035,0.3922820687294006,0.2567874193191528,0.2537579834461212,0.0477880463004112,0.0562224313616752,0.2133048921823501,0.0374443419277668,0.0994301885366439,0.0744093656539917,0.0592615008354187,0.0403827801346778,0.4167011976242065,0.1047634482383728
0.2719106674194336,0.095325194299221,0.2745139300823211,0.0956496000289917,0.3032068014144897,0.596339762210846,0.1172821074724197,0.2479155957698822,0.012381587177515,0.1261385381221771,0.0417808145284652,0.234811395406723,0.1538806408643722,0.0699555203318595,0.4587043821811676,0.1164733245968818,0.0391134731471538,0.1042078882455825,0.018949881196022,0.2235242128372192,0.1572749614715576,0.2431576997041702,0.1641712486743927,0.0420833230018615,0.0108311353251338,0.1263603270053863,0.0216491073369979,0.1684679538011551,0.4098594188690185,0.2571956217288971,0.2638612389564514,0.0545201301574707,0.0609804131090641,0.2245456725358963,0.0392569899559021,0.1306745111942291,0.0669959336519241,0.0677084922790527,0.0423556193709373,0.42411869764328,0.1086651310324668
0.2678442597389221,0.0983415618538856,0.2838118076324463,0.0935274809598922,0.3196964263916015,0.6045699119567871,0.1137725412845611,0.2491874694824218,0.0118547957390546,0.1297924369573593,0.039334736764431,0.2357249855995178,0.169376790523529,0.0859020501375198,0.4831270575523376,0.1141217797994613,0.0379002317786216,0.1021236926317215,0.0176999773830175,0.2275482416152954,0.1712749749422073,0.2404457330703735,0.171511560678482,0.0422343388199806,0.0105658136308193,0.1567947268486023,0.0187350288033485,0.1607798635959625,0.4021778404712677,0.2564153671264648,0.2622391581535339,0.0523940995335578,0.0586668699979782,0.2247572541236877,0.0399122014641761,0.127692237496376,0.0672651380300521,0.0655821561813354,0.0424845740199089,0.4150206744670868,0.1038355082273483
0.2684075534343719,0.0979095995426178,0.2846143841743469,0.0936828032135963,0.3185344338417053,0.6042087078094482,0.1142732426524162,0.2494895011186599,0.0118630975484848,0.1298393309116363,0.0393662899732589,0.2353749275207519,0.1684788167476654,0.0858756527304649,0.4824548959732055,0.1140252500772476,0.0380472764372825,0.1020716428756713,0.0176996849477291,0.2269430011510849,0.1711553037166595,0.239677757024765,0.1710094213485717,0.042069423943758,0.0105162393301725,0.156647577881813,0.0185904316604137,0.1605103909969329,0.4024073183536529,0.2561245560646057,0.262096107006073,0.0522677935659885,0.058395616710186,0.2249640524387359,0.039881158620119,0.1275082528591156,0.0673991590738296,0.065544992685318,0.0424621924757957,0.4144150018692016,0.1034228950738906
